2019/01/17-14:49:19.060282 7fd8a8b1d700 RocksDB version: 5.9.2
2019/01/17-14:49:19.060328 7fd8a8b1d700 Git sha rocksdb_build_git_sha:
2019/01/17-14:49:19.060331 7fd8a8b1d700 Compile date Dec 19 2017
2019/01/17-14:49:19.060335 7fd8a8b1d700 DB SUMMARY
2019/01/17-14:49:19.060379 7fd8a8b1d700 CURRENT file:  CURRENT
2019/01/17-14:49:19.060381 7fd8a8b1d700 IDENTITY file:  IDENTITY
2019/01/17-14:49:19.060383 7fd8a8b1d700 MANIFEST file:  MANIFEST-000011 size: 104 Bytes
2019/01/17-14:49:19.060385 7fd8a8b1d700 SST files in blockchain_8899.db dir, Total Num: 1, files: 000004.sst 
2019/01/17-14:49:19.060388 7fd8a8b1d700 Write Ahead Log file in blockchain_8899.db: 000012.log size: 0 ; 
2019/01/17-14:49:19.060390 7fd8a8b1d700                         Options.error_if_exists: 0
2019/01/17-14:49:19.060392 7fd8a8b1d700                       Options.create_if_missing: 1
2019/01/17-14:49:19.060393 7fd8a8b1d700                         Options.paranoid_checks: 1
2019/01/17-14:49:19.060394 7fd8a8b1d700                                     Options.env: 0x7fd890ddf7c0
2019/01/17-14:49:19.060395 7fd8a8b1d700                                Options.info_log: 0x7fd8a059c640
2019/01/17-14:49:19.060396 7fd8a8b1d700                Options.max_file_opening_threads: 16
2019/01/17-14:49:19.060397 7fd8a8b1d700                              Options.statistics: (nil)
2019/01/17-14:49:19.060398 7fd8a8b1d700                               Options.use_fsync: 0
2019/01/17-14:49:19.060398 7fd8a8b1d700                       Options.max_log_file_size: 0
2019/01/17-14:49:19.060399 7fd8a8b1d700                  Options.max_manifest_file_size: 18446744073709551615
2019/01/17-14:49:19.060400 7fd8a8b1d700                   Options.log_file_time_to_roll: 0
2019/01/17-14:49:19.060401 7fd8a8b1d700                       Options.keep_log_file_num: 1000
2019/01/17-14:49:19.060402 7fd8a8b1d700                    Options.recycle_log_file_num: 0
2019/01/17-14:49:19.060403 7fd8a8b1d700                         Options.allow_fallocate: 1
2019/01/17-14:49:19.060404 7fd8a8b1d700                        Options.allow_mmap_reads: 0
2019/01/17-14:49:19.060404 7fd8a8b1d700                       Options.allow_mmap_writes: 0
2019/01/17-14:49:19.060405 7fd8a8b1d700                        Options.use_direct_reads: 0
2019/01/17-14:49:19.060406 7fd8a8b1d700                        Options.use_direct_io_for_flush_and_compaction: 0
2019/01/17-14:49:19.060407 7fd8a8b1d700          Options.create_missing_column_families: 0
2019/01/17-14:49:19.060408 7fd8a8b1d700                              Options.db_log_dir: 
2019/01/17-14:49:19.060408 7fd8a8b1d700                                 Options.wal_dir: blockchain_8899.db
2019/01/17-14:49:19.060409 7fd8a8b1d700                Options.table_cache_numshardbits: 6
2019/01/17-14:49:19.060410 7fd8a8b1d700                      Options.max_subcompactions: 1
2019/01/17-14:49:19.060411 7fd8a8b1d700                  Options.max_background_flushes: -1
2019/01/17-14:49:19.060412 7fd8a8b1d700                         Options.WAL_ttl_seconds: 0
2019/01/17-14:49:19.060413 7fd8a8b1d700                       Options.WAL_size_limit_MB: 0
2019/01/17-14:49:19.060413 7fd8a8b1d700             Options.manifest_preallocation_size: 4194304
2019/01/17-14:49:19.060414 7fd8a8b1d700                     Options.is_fd_close_on_exec: 1
2019/01/17-14:49:19.060415 7fd8a8b1d700                   Options.advise_random_on_open: 1
2019/01/17-14:49:19.060416 7fd8a8b1d700                    Options.db_write_buffer_size: 0
2019/01/17-14:49:19.060417 7fd8a8b1d700                    Options.write_buffer_manager: 0x7fd8a059dea0
2019/01/17-14:49:19.060418 7fd8a8b1d700         Options.access_hint_on_compaction_start: 1
2019/01/17-14:49:19.060418 7fd8a8b1d700  Options.new_table_reader_for_compaction_inputs: 0
2019/01/17-14:49:19.060419 7fd8a8b1d700               Options.compaction_readahead_size: 0
2019/01/17-14:49:19.060420 7fd8a8b1d700           Options.random_access_max_buffer_size: 1048576
2019/01/17-14:49:19.060421 7fd8a8b1d700                      Options.use_adaptive_mutex: 0
2019/01/17-14:49:19.060422 7fd8a8b1d700                            Options.rate_limiter: (nil)
2019/01/17-14:49:19.060429 7fd8a8b1d700     Options.sst_file_manager.rate_bytes_per_sec: 0
2019/01/17-14:49:19.060430 7fd8a8b1d700                       Options.wal_recovery_mode: 2
2019/01/17-14:49:19.060431 7fd8a8b1d700                  Options.enable_thread_tracking: 0
2019/01/17-14:49:19.060431 7fd8a8b1d700                  Options.enable_pipelined_write: 0
2019/01/17-14:49:19.060432 7fd8a8b1d700         Options.allow_concurrent_memtable_write: 1
2019/01/17-14:49:19.060433 7fd8a8b1d700      Options.enable_write_thread_adaptive_yield: 1
2019/01/17-14:49:19.060434 7fd8a8b1d700             Options.write_thread_max_yield_usec: 100
2019/01/17-14:49:19.060435 7fd8a8b1d700            Options.write_thread_slow_yield_usec: 3
2019/01/17-14:49:19.060436 7fd8a8b1d700                               Options.row_cache: None
2019/01/17-14:49:19.060436 7fd8a8b1d700                              Options.wal_filter: None
2019/01/17-14:49:19.060437 7fd8a8b1d700             Options.avoid_flush_during_recovery: 0
2019/01/17-14:49:19.060438 7fd8a8b1d700             Options.allow_ingest_behind: 0
2019/01/17-14:49:19.060439 7fd8a8b1d700             Options.preserve_deletes: 0
2019/01/17-14:49:19.060440 7fd8a8b1d700             Options.concurrent_prepare: 0
2019/01/17-14:49:19.060441 7fd8a8b1d700             Options.manual_wal_flush: 0
2019/01/17-14:49:19.060441 7fd8a8b1d700             Options.seq_per_batch: 0
2019/01/17-14:49:19.060443 7fd8a8b1d700             Options.max_background_jobs: 2
2019/01/17-14:49:19.060444 7fd8a8b1d700             Options.max_background_compactions: -1
2019/01/17-14:49:19.060445 7fd8a8b1d700             Options.avoid_flush_during_shutdown: 0
2019/01/17-14:49:19.060445 7fd8a8b1d700           Options.writable_file_max_buffer_size: 1048576
2019/01/17-14:49:19.060446 7fd8a8b1d700             Options.delayed_write_rate : 16777216
2019/01/17-14:49:19.060447 7fd8a8b1d700             Options.max_total_wal_size: 0
2019/01/17-14:49:19.060448 7fd8a8b1d700             Options.delete_obsolete_files_period_micros: 21600000000
2019/01/17-14:49:19.060449 7fd8a8b1d700                   Options.stats_dump_period_sec: 600
2019/01/17-14:49:19.060450 7fd8a8b1d700                          Options.max_open_files: -1
2019/01/17-14:49:19.060451 7fd8a8b1d700                          Options.bytes_per_sync: 0
2019/01/17-14:49:19.060451 7fd8a8b1d700                      Options.wal_bytes_per_sync: 0
2019/01/17-14:49:19.060452 7fd8a8b1d700 Compression algorithms supported:
2019/01/17-14:49:19.060454 7fd8a8b1d700 	Snappy supported: 1
2019/01/17-14:49:19.060455 7fd8a8b1d700 	Zlib supported: 1
2019/01/17-14:49:19.060456 7fd8a8b1d700 	Bzip supported: 1
2019/01/17-14:49:19.060456 7fd8a8b1d700 	LZ4 supported: 1
2019/01/17-14:49:19.060457 7fd8a8b1d700 	ZSTDNotFinal supported: 1
2019/01/17-14:49:19.060461 7fd8a8b1d700 	ZSTD supported: 1
2019/01/17-14:49:19.060463 7fd8a8b1d700 Fast CRC32 supported: Not supported on x86
2019/01/17-14:49:19.060994 7fd8a8b1d700 [db/version_set.cc:2835] Recovering from manifest file: MANIFEST-000011
2019/01/17-14:49:19.061096 7fd8a8b1d700 [db/column_family.cc:413] --------------- Options for column family [default]:
2019/01/17-14:49:19.061100 7fd8a8b1d700               Options.comparator: leveldb.BytewiseComparator
2019/01/17-14:49:19.061101 7fd8a8b1d700           Options.merge_operator: None
2019/01/17-14:49:19.061102 7fd8a8b1d700        Options.compaction_filter: None
2019/01/17-14:49:19.061103 7fd8a8b1d700        Options.compaction_filter_factory: None
2019/01/17-14:49:19.061104 7fd8a8b1d700         Options.memtable_factory: SkipListFactory
2019/01/17-14:49:19.061105 7fd8a8b1d700            Options.table_factory: BlockBasedTable
2019/01/17-14:49:19.061133 7fd8a8b1d700            table_factory options:   flush_block_policy_factory: FlushBlockBySizePolicyFactory (0x7fd8a05a9d90)
  cache_index_and_filter_blocks: 0
  cache_index_and_filter_blocks_with_high_priority: 0
  pin_l0_filter_and_index_blocks_in_cache: 0
  index_type: 0
  hash_index_allow_collision: 1
  checksum: 1
  no_block_cache: 0
  block_cache: 0x7fd8a05ab5f0
  block_cache_name: LRUCache
  block_cache_options:
    capacity : 8388608
    num_shard_bits : 4
    strict_capacity_limit : 0
    high_pri_pool_ratio: 0.000
  block_cache_compressed: (nil)
  persistent_cache: (nil)
  block_size: 4096
  block_size_deviation: 10
  block_restart_interval: 16
  index_block_restart_interval: 1
  metadata_block_size: 4096
  partition_filters: 0
  use_delta_encoding: 1
  filter_policy: nullptr
  whole_key_filtering: 1
  verify_compression: 0
  read_amp_bytes_per_bit: 0
  format_version: 2
2019/01/17-14:49:19.061145 7fd8a8b1d700        Options.write_buffer_size: 67108864
2019/01/17-14:49:19.061146 7fd8a8b1d700  Options.max_write_buffer_number: 2
2019/01/17-14:49:19.061147 7fd8a8b1d700          Options.compression: Snappy
2019/01/17-14:49:19.061148 7fd8a8b1d700                  Options.bottommost_compression: Disabled
2019/01/17-14:49:19.061149 7fd8a8b1d700       Options.prefix_extractor: nullptr
2019/01/17-14:49:19.061150 7fd8a8b1d700   Options.memtable_insert_with_hint_prefix_extractor: nullptr
2019/01/17-14:49:19.061151 7fd8a8b1d700             Options.num_levels: 7
2019/01/17-14:49:19.061152 7fd8a8b1d700        Options.min_write_buffer_number_to_merge: 1
2019/01/17-14:49:19.061153 7fd8a8b1d700     Options.max_write_buffer_number_to_maintain: 0
2019/01/17-14:49:19.061153 7fd8a8b1d700            Options.compression_opts.window_bits: -14
2019/01/17-14:49:19.061154 7fd8a8b1d700                  Options.compression_opts.level: -1
2019/01/17-14:49:19.061155 7fd8a8b1d700               Options.compression_opts.strategy: 0
2019/01/17-14:49:19.061156 7fd8a8b1d700         Options.compression_opts.max_dict_bytes: 0
2019/01/17-14:49:19.061157 7fd8a8b1d700      Options.level0_file_num_compaction_trigger: 4
2019/01/17-14:49:19.061157 7fd8a8b1d700          Options.level0_slowdown_writes_trigger: 20
2019/01/17-14:49:19.061158 7fd8a8b1d700              Options.level0_stop_writes_trigger: 36
2019/01/17-14:49:19.061159 7fd8a8b1d700                   Options.target_file_size_base: 67108864
2019/01/17-14:49:19.061160 7fd8a8b1d700             Options.target_file_size_multiplier: 1
2019/01/17-14:49:19.061161 7fd8a8b1d700                Options.max_bytes_for_level_base: 268435456
2019/01/17-14:49:19.061162 7fd8a8b1d700 Options.level_compaction_dynamic_level_bytes: 0
2019/01/17-14:49:19.061162 7fd8a8b1d700          Options.max_bytes_for_level_multiplier: 10.000000
2019/01/17-14:49:19.061166 7fd8a8b1d700 Options.max_bytes_for_level_multiplier_addtl[0]: 1
2019/01/17-14:49:19.061167 7fd8a8b1d700 Options.max_bytes_for_level_multiplier_addtl[1]: 1
2019/01/17-14:49:19.061168 7fd8a8b1d700 Options.max_bytes_for_level_multiplier_addtl[2]: 1
2019/01/17-14:49:19.061169 7fd8a8b1d700 Options.max_bytes_for_level_multiplier_addtl[3]: 1
2019/01/17-14:49:19.061170 7fd8a8b1d700 Options.max_bytes_for_level_multiplier_addtl[4]: 1
2019/01/17-14:49:19.061171 7fd8a8b1d700 Options.max_bytes_for_level_multiplier_addtl[5]: 1
2019/01/17-14:49:19.061171 7fd8a8b1d700 Options.max_bytes_for_level_multiplier_addtl[6]: 1
2019/01/17-14:49:19.061172 7fd8a8b1d700       Options.max_sequential_skip_in_iterations: 8
2019/01/17-14:49:19.061173 7fd8a8b1d700                    Options.max_compaction_bytes: 1677721600
2019/01/17-14:49:19.061174 7fd8a8b1d700                        Options.arena_block_size: 8388608
2019/01/17-14:49:19.061175 7fd8a8b1d700   Options.soft_pending_compaction_bytes_limit: 68719476736
2019/01/17-14:49:19.061176 7fd8a8b1d700   Options.hard_pending_compaction_bytes_limit: 274877906944
2019/01/17-14:49:19.061177 7fd8a8b1d700       Options.rate_limit_delay_max_milliseconds: 100
2019/01/17-14:49:19.061177 7fd8a8b1d700                Options.disable_auto_compactions: 0
2019/01/17-14:49:19.061179 7fd8a8b1d700                        Options.compaction_style: kCompactionStyleLevel
2019/01/17-14:49:19.061180 7fd8a8b1d700                          Options.compaction_pri: kByCompensatedSize
2019/01/17-14:49:19.061180 7fd8a8b1d700 Options.compaction_options_universal.size_ratio: 1
2019/01/17-14:49:19.061181 7fd8a8b1d700 Options.compaction_options_universal.min_merge_width: 2
2019/01/17-14:49:19.061186 7fd8a8b1d700 Options.compaction_options_universal.max_merge_width: 4294967295
2019/01/17-14:49:19.061187 7fd8a8b1d700 Options.compaction_options_universal.max_size_amplification_percent: 200
2019/01/17-14:49:19.061188 7fd8a8b1d700 Options.compaction_options_universal.compression_size_percent: -1
2019/01/17-14:49:19.061189 7fd8a8b1d700 Options.compaction_options_universal.stop_style: kCompactionStopStyleTotalSize
2019/01/17-14:49:19.061189 7fd8a8b1d700 Options.compaction_options_fifo.max_table_files_size: 1073741824
2019/01/17-14:49:19.061190 7fd8a8b1d700 Options.compaction_options_fifo.allow_compaction: 0
2019/01/17-14:49:19.061191 7fd8a8b1d700 Options.compaction_options_fifo.ttl: 0
2019/01/17-14:49:19.061192 7fd8a8b1d700                   Options.table_properties_collectors: 
2019/01/17-14:49:19.061193 7fd8a8b1d700                   Options.inplace_update_support: 0
2019/01/17-14:49:19.061194 7fd8a8b1d700                 Options.inplace_update_num_locks: 10000
2019/01/17-14:49:19.061195 7fd8a8b1d700               Options.memtable_prefix_bloom_size_ratio: 0.000000
2019/01/17-14:49:19.061196 7fd8a8b1d700   Options.memtable_huge_page_size: 0
2019/01/17-14:49:19.061197 7fd8a8b1d700                           Options.bloom_locality: 0
2019/01/17-14:49:19.061197 7fd8a8b1d700                    Options.max_successive_merges: 0
2019/01/17-14:49:19.061198 7fd8a8b1d700                Options.optimize_filters_for_hits: 0
2019/01/17-14:49:19.061199 7fd8a8b1d700                Options.paranoid_file_checks: 0
2019/01/17-14:49:19.061200 7fd8a8b1d700                Options.force_consistency_checks: 0
2019/01/17-14:49:19.061201 7fd8a8b1d700                Options.report_bg_io_stats: 0
2019/01/17-14:49:19.063006 7fd8a8b1d700 [db/version_set.cc:3100] Recovered from manifest file:blockchain_8899.db/MANIFEST-000011 succeeded,manifest_file_number is 11, next_file_number is 13, last_sequence is 5, log_number is 0,prev_log_number is 0,max_column_family is 0
2019/01/17-14:49:19.063013 7fd8a8b1d700 [db/version_set.cc:3108] Column family [default] (ID 0), log number is 10
2019/01/17-14:49:19.063111 7fd8a8b1d700 EVENT_LOG_v1 {"time_micros": 1547707759063096, "job": 1, "event": "recovery_started", "log_files": [12]}
2019/01/17-14:49:19.063117 7fd8a8b1d700 [db/db_impl_open.cc:518] Recovering log #12 mode 2
2019/01/17-14:49:19.063236 7fd8a8b1d700 [db/version_set.cc:2608] Creating manifest 14
2019/01/17-14:49:19.064786 7fd8a8b1d700 EVENT_LOG_v1 {"time_micros": 1547707759064783, "job": 1, "event": "recovery_finished"}
2019/01/17-14:49:19.067342 7fd8a8b1d700 [db/db_impl_open.cc:1150] DB pointer 0x7fd8a059cd80
2019/01/17-14:49:20.153035 7fd8a8b1d700 [db/db_impl.cc:234] Shutdown: canceling all background work
2019/01/17-14:49:20.159300 7fd8a8b1d700 [db/db_impl.cc:364] Shutdown complete
